SATELITES: 
Num;PosVetor;Memoria Total
11;0;1060
13;1;1173
17;2;1244
12;3;1244
6;4;1343
14;5;1395
3;6;1829
18;7;2098
8;8;2177
15;9;2245
2;10;2357
20;11;2485
7;12;2488
16;13;2585
5;14;2609
4;15;2629
10;16;2631
9;17;2699
19;18;2755
1;19;2844

SHARDS: 
ShardH;ShardV;Ganho;CustoH;CustoV;MelhorCustoMemoria
1;11;91;1049;1060;0.0867493
1;12;29;1042;1244;0.0278311
1;13;13;1190;1173;0.0110827


Shards
ShardH ShardV  Ganho: CustoH:  CustoV: LidaPor: 
1 11  91 1049 1060 1
1 12  29 1042 1244 12
1 13  13 1190 1173 1

MemoriaRestante
Num PosVetor:  MemRestante: 
11 0 0
13 1 1042
17 2 1244
12 3 0
6 4 1343
14 5 1395
3 6 1829
18 7 2098
8 8 2177
15 9 2245
2 10 2357
20 11 2485
7 12 2488
16 13 2585
5 14 2609
4 15 2629
10 16 2631
9 17 2699
19 18 2755
1 19 764

Objetivo: 224

